284671825879
90693514833
820720063000
884702972246
174011019064
9150298010389
9616419975193
9742042749210
4228006595453
10116154083528
12957639984085
853685723006
787080741705
10428600908324
8669615023161
880088033
92959363136
30060899590
433951215283
2400484945220
3485822498659
1470786820726
8806185551606
166036048572
8520981139067
2803414391170
6969968647334
15201874395386
3287134102888
6557613493666
2070121630431
8452081327306
11457298400064
258312493686
1931310560345
1107452112483
1356048476
2302271446590
350114247241
12561133533889
2111473325603
327464985681
9445634402790
88370189784
